scores <- c(10, 50, 46, 32, 37, 28, 41, 20, 32, 43)
m <- c(1, 1, 2, 2, 3, 3, 3, 4, 4, 4, 4, 5, 5, 5, 5)
f <- c(1, 1, 1, 2, 2, 2, 3, 3, 3, 3, 4, 4, 4, 5, 5)
